#######################################
Parameters extracted from: ('acqu', 'D:\\PhD\\Data\\CODES\\PYTHON\\Generate_NMR_tabs\\test_1d_exp\\acqu') 
#######################################
##$PULPROG:
<inept.juga>
<inept.juga>

##$CNST:
(0..63)
1 0 280 1 1 1 1 1 1 1 1 1 1 1 1 1 1 1 1 1 1 0 1 1 1 1 1 1 1 1 1 1 1 1 1
1 1 1 1 1 1 1 1 1 1 1 1 1 1 1 1 1 1 1 1 1 1 1 1 1 1 1 1 1
(0..63)
1 0 280 1 1 1 1 1 1 1 1 1 1 1 1 1 1 1 1 1 1 0 1 1 1 1 1 1 1 1 1 1 1 1 1
1 1 1 1 1 1 1 1 1 1 1 1 1 1 1 1 1 1 1 1 1 1 1 1 1 1 1 1 1

##$CPDPRG:
(0..8)
<> <> <waltz64> <> <> <> <> <> <>
(0..8)
<> <> <waltz64> <> <> <> <> <> <>

##$NUC1:
<13C>
<13C>

##$O1:
21379.0503546
21379.0503546

##$P:
(0..63)
0 5 5 0 5 0 0 0 0 0 0 0 0 0 0 700 0 0 0 0 0 0 0 0 0 0 0 0 0 0 0 54.6 5.6
0 0 0 0 0 0 0 0 0 0 0 0 0 0 0 0 0 0 0 0 0 0 0 0 0 0 0 0 0 0 0
(0..63)
0 5 5 0 5 0 0 0 0 0 0 0 0 0 0 700 0 0 0 0 0 0 0 0 0 0 0 0 0 0 0 54.6 5.6
0 0 0 0 0 0 0 0 0 0 0 0 0 0 0 0 0 0 0 0 0 0 0 0 0 0 0 0 0 0 0

##$PCPD:
(0..9)
0 0 50 0 0 0 0 0 0 0
(0..9)
0 0 50 0 0 0 0 0 0 0

##$PLW:
(0..63)
0 140 77.5 0 0 0 0 0 0 0 417.6 130 0.775 0 0 0 0 0 0 0 0 0 0.018 0 0 0
0 0 0 0 0 0 0 0 0 0 0 0 0 0 0 0 0 0 0 0 0 0 0 0 0 0 0 0 0 0 0 0 0 0 0 0
0 0
(0..63)
0 140 77.5 0 0 0 0 0 0 0 417.6 130 0.775 0 0 0 0 0 0 0 0 0 0.018 0 0 0
0 0 0 0 0 0 0 0 0 0 0 0 0 0 0 0 0 0 0 0 0 0 0 0 0 0 0 0 0 0 0 0 0 0 0 0
0 0

##$SFO1:
213.811882596355
213.811882596355

##$SPNAM:
(0..63)
<tan40-60_80.ciwa> <> <> <> <> <> <> <> <> <> <> <> <> <> <> <> <> <> <>
<> <> <> <> <> <> <> <> <> <> <> <> <> <> <> <> <> <> <> <> <> <> <> <>
<> <> <> <> <> <> <> <> <> <> <> <> <> <> <> <> <> <> <> <> <>
(0..63)
<tan40-60_80.ciwa> <> <> <> <> <> <> <> <> <> <> <> <> <> <> <> <> <> <>
<> <> <> <> <> <> <> <> <> <> <> <> <> <> <> <> <> <> <> <> <> <> <> <>
<> <> <> <> <> <> <> <> <> <> <> <> <> <> <> <> <> <> <> <> <>

##$D:
(0..63)
0 2 0 0 0 0 0 0 0 0 0 0 0 0 0.005 0 0 0 0 0 0 0 0 0 0 0 0 0 0 0 0 0 0 0
0 0 0 0 0 0 0 0 0 0 0 0 0 0 0 0 0 0 0 0 0 0 0 0 0 0 0 0 0 0
(0..63)
0 2 0 0 0.0008928571 0 0 0 0 0 0 0 0 0 0.005 0 0 0 0 0 0 0 0 0 0 0 0 0
0 0 0 0 0 0 0 0 0 0 0 0 0 0 0 0 0 0 0 0 0 0 0 0 0 0 0 0 0 0 0 0 0 0 0 0

##$NS:
1024
1024

##$TD:
16384
16384

##$SW:
467.700853599354
467.700853599354

#######################################
Parameters extracted from: ('acqus', 'D:\\PhD\\Data\\CODES\\PYTHON\\Generate_NMR_tabs\\test_1d_exp\\acqus') 
#######################################
##$PULPROG:
<inept.juga>
<inept.juga>

##$CNST:
(0..63)
1 0 280 1 1 1 1 1 1 1 1 1 1 1 1 1 1 1 1 1 1 0 1 1 1 1 1 1 1 1 1 1 1 1 1
1 1 1 1 1 1 1 1 1 1 1 1 1 1 1 1 1 1 1 1 1 1 1 1 1 1 1 1 1
(0..63)
1 0 280 1 1 1 1 1 1 1 1 1 1 1 1 1 1 1 1 1 1 0 1 1 1 1 1 1 1 1 1 1 1 1 1
1 1 1 1 1 1 1 1 1 1 1 1 1 1 1 1 1 1 1 1 1 1 1 1 1 1 1 1 1

##$CPDPRG:
(0..8)
<> <> <waltz64> <> <> <> <> <> <>
(0..8)
<> <> <waltz64> <> <> <> <> <> <>

##$NUC1:
<13C>
<13C>

##$O1:
21379.0503546
21379.0503546

##$P:
(0..63)
0 5 5 0 5 0 0 0 0 0 0 0 0 0 0 700 0 0 0 0 0 0 0 0 0 0 0 0 0 0 0 54.6 5.6
0 0 0 0 0 0 0 0 0 0 0 0 0 0 0 0 0 0 0 0 0 0 0 0 0 0 0 0 0 0 0
(0..63)
0 5 5 0 5 0 0 0 0 0 0 0 0 0 0 700 0 0 0 0 0 0 0 0 0 0 0 0 0 0 0 54.6 5.6
0 0 0 0 0 0 0 0 0 0 0 0 0 0 0 0 0 0 0 0 0 0 0 0 0 0 0 0 0 0 0

##$PCPD:
(0..9)
0 0 50 0 0 0 0 0 0 0
(0..9)
0 0 50 0 0 0 0 0 0 0

##$PLW:
(0..63)
0 140 77.5 0 0 0 0 0 0 0 417.6 130 0.775 0 0 0 0 0 0 0 0 0 0.018 0 0 0
0 0 0 0 0 0 0 0 0 0 0 0 0 0 0 0 0 0 0 0 0 0 0 0 0 0 0 0 0 0 0 0 0 0 0 0
0 0
(0..63)
0 140 77.5 0 0 0 0 0 0 0 417.6 130 0.775 0 0 0 0 0 0 0 0 0 0.018 0 0 0
0 0 0 0 0 0 0 0 0 0 0 0 0 0 0 0 0 0 0 0 0 0 0 0 0 0 0 0 0 0 0 0 0 0 0 0
0 0

##$SFO1:
213.811882596355
213.811882596355

##$SPNAM:
(0..63)
<tan40-60_80.ciwa> <> <> <> <> <> <> <> <> <> <> <> <> <> <> <> <> <> <>
<> <> <> <> <> <> <> <> <> <> <> <> <> <> <> <> <> <> <> <> <> <> <> <>
<> <> <> <> <> <> <> <> <> <> <> <> <> <> <> <> <> <> <> <> <>
(0..63)
<tan40-60_80.ciwa> <> <> <> <> <> <> <> <> <> <> <> <> <> <> <> <> <> <>
<> <> <> <> <> <> <> <> <> <> <> <> <> <> <> <> <> <> <> <> <> <> <> <>
<> <> <> <> <> <> <> <> <> <> <> <> <> <> <> <> <> <> <> <> <>

##$D:
(0..63)
0 2 0 0 0 0 0 0 0 0 0 0 0 0 0.005 0 0 0 0 0 0 0 0 0 0 0 0 0 0 0 0 0 0 0
0 0 0 0 0 0 0 0 0 0 0 0 0 0 0 0 0 0 0 0 0 0 0 0 0 0 0 0 0 0
(0..63)
0 2 0 0 0.0008928571 0 0 0 0 0 0 0 0 0 0.005 0 0 0 0 0 0 0 0 0 0 0 0 0
0 0 0 0 0 0 0 0 0 0 0 0 0 0 0 0 0 0 0 0 0 0 0 0 0 0 0 0 0 0 0 0 0 0 0 0

##$NS:
1024
1024

##$TD:
16384
16384

##$SW:
467.700853599354
467.700853599354

#######################################
Parameters extracted from: ('audita.txt', 'D:\\PhD\\Data\\CODES\\PYTHON\\Generate_NMR_tabs\\test_1d_exp\\audita.txt') 
#######################################
##$PULPROG:
<inept.juga>
<inept.juga>

##$CNST:
(0..63)
1 0 280 1 1 1 1 1 1 1 1 1 1 1 1 1 1 1 1 1 1 0 1 1 1 1 1 1 1 1 1 1 1 1 1
1 1 1 1 1 1 1 1 1 1 1 1 1 1 1 1 1 1 1 1 1 1 1 1 1 1 1 1 1
(0..63)
1 0 280 1 1 1 1 1 1 1 1 1 1 1 1 1 1 1 1 1 1 0 1 1 1 1 1 1 1 1 1 1 1 1 1
1 1 1 1 1 1 1 1 1 1 1 1 1 1 1 1 1 1 1 1 1 1 1 1 1 1 1 1 1

##$CPDPRG:
(0..8)
<> <> <waltz64> <> <> <> <> <> <>
(0..8)
<> <> <waltz64> <> <> <> <> <> <>

##$NUC1:
<13C>
<13C>

##$O1:
21379.0503546
21379.0503546

##$P:
(0..63)
0 5 5 0 5 0 0 0 0 0 0 0 0 0 0 700 0 0 0 0 0 0 0 0 0 0 0 0 0 0 0 54.6 5.6
0 0 0 0 0 0 0 0 0 0 0 0 0 0 0 0 0 0 0 0 0 0 0 0 0 0 0 0 0 0 0
(0..63)
0 5 5 0 5 0 0 0 0 0 0 0 0 0 0 700 0 0 0 0 0 0 0 0 0 0 0 0 0 0 0 54.6 5.6
0 0 0 0 0 0 0 0 0 0 0 0 0 0 0 0 0 0 0 0 0 0 0 0 0 0 0 0 0 0 0

##$PCPD:
(0..9)
0 0 50 0 0 0 0 0 0 0
(0..9)
0 0 50 0 0 0 0 0 0 0

##$PLW:
(0..63)
0 140 77.5 0 0 0 0 0 0 0 417.6 130 0.775 0 0 0 0 0 0 0 0 0 0.018 0 0 0
0 0 0 0 0 0 0 0 0 0 0 0 0 0 0 0 0 0 0 0 0 0 0 0 0 0 0 0 0 0 0 0 0 0 0 0
0 0
(0..63)
0 140 77.5 0 0 0 0 0 0 0 417.6 130 0.775 0 0 0 0 0 0 0 0 0 0.018 0 0 0
0 0 0 0 0 0 0 0 0 0 0 0 0 0 0 0 0 0 0 0 0 0 0 0 0 0 0 0 0 0 0 0 0 0 0 0
0 0

##$SFO1:
213.811882596355
213.811882596355

##$SPNAM:
(0..63)
<tan40-60_80.ciwa> <> <> <> <> <> <> <> <> <> <> <> <> <> <> <> <> <> <>
<> <> <> <> <> <> <> <> <> <> <> <> <> <> <> <> <> <> <> <> <> <> <> <>
<> <> <> <> <> <> <> <> <> <> <> <> <> <> <> <> <> <> <> <> <>
(0..63)
<tan40-60_80.ciwa> <> <> <> <> <> <> <> <> <> <> <> <> <> <> <> <> <> <>
<> <> <> <> <> <> <> <> <> <> <> <> <> <> <> <> <> <> <> <> <> <> <> <>
<> <> <> <> <> <> <> <> <> <> <> <> <> <> <> <> <> <> <> <> <>

##$D:
(0..63)
0 2 0 0 0 0 0 0 0 0 0 0 0 0 0.005 0 0 0 0 0 0 0 0 0 0 0 0 0 0 0 0 0 0 0
0 0 0 0 0 0 0 0 0 0 0 0 0 0 0 0 0 0 0 0 0 0 0 0 0 0 0 0 0 0
(0..63)
0 2 0 0 0.0008928571 0 0 0 0 0 0 0 0 0 0.005 0 0 0 0 0 0 0 0 0 0 0 0 0
0 0 0 0 0 0 0 0 0 0 0 0 0 0 0 0 0 0 0 0 0 0 0 0 0 0 0 0 0 0 0 0 0 0 0 0

##$NS:
1024
1024

##$TD:
16384
16384

##$SW:
467.700853599354
467.700853599354

